ResStr ResEnd 0.05 0.5 5.0 
114 119 0.09 0.311 0.667 
120 127 0.24 0.43700000000000006 0.6940000000000001 
120 128 0.222 0.45 0.682 
128 138 0.175 0.294 0.39799999999999996 
129 138 0.187 0.292 0.41600000000000004 
131 138 0.157 0.23399999999999999 0.32 
139 144 0.027999999999999997 0.024 0.037000000000000005 
139 146 0.128 0.271 0.314 
145 149 0.036000000000000004 0.07400000000000001 0.166 
147 152 0.031 0.051 0.19399999999999998 
150 164 0.16399999999999998 0.215 0.353 
153 163 0.23 0.299 0.42 
153 164 0.179 0.237 0.36200000000000004 
153 164 0.182 0.235 0.363 
165 192 0.24600000000000002 0.32899999999999996 0.41 
191 195 -0.003 0.005 0.0 
196 224 0.15 0.215 0.24100000000000002 
223 233 0.392 0.446 0.489 
234 241 0.76 0.768 0.7709999999999999 
245 252 0.402 0.491 0.493 
253 259 0.062 0.135 0.172 
253 260 0.043 0.094 0.134 
261 275 0.14 0.147 0.17300000000000001 
262 275 0.134 0.141 0.146 
279 287 0.16399999999999998 0.209 0.287 
280 287 0.188 0.24600000000000002 0.326 
294 301 0.473 0.645 0.7 
302 327 0.502 0.5379999999999999 0.561 
308 327 0.557 0.609 0.638 
328 334 0.37799999999999995 0.462 0.499 
335 342 0.011000000000000001 0.025 0.134 
343 354 0.555 0.647 0.655 
347 355 0.36 0.48100000000000004 0.488 
355 369 0.057999999999999996 0.092 0.1 
356 369 0.064 0.10300000000000001 0.109 
356 373 0.09699999999999999 0.141 0.147 
356 390 0.096 0.179 0.251 
370 385 0.212 0.34600000000000003 0.45899999999999996 
370 389 0.136 0.264 0.386 
389 402 0.017 0.023 0.075 
391 402 0.013999999999999999 0.015 0.016 
391 404 0.012 0.012 0.013000000000000001 
405 429 0.055999999999999994 0.068 0.102 
408 429 0.063 0.071 0.087 
430 436 0.024 0.037000000000000005 0.113 
430 443 0.115 0.2 0.297 
437 443 0.258 0.41200000000000003 0.456 
444 473 0.191 0.309 0.435 
444 474 0.182 0.295 0.415 
444 475 0.174 0.284 0.397 
456 473 0.175 0.319 0.545 
456 474 0.166 0.298 0.507 
483 491 0.282 0.32 0.46299999999999997 
492 506 0.515 0.589 0.602 
507 522 0.488 0.49200000000000005 0.49700000000000005 
507 531 0.36700000000000005 0.43700000000000006 0.45899999999999996 
508 522 0.52 0.527 0.539 
523 533 0.193 0.332 0.45 
523 533 0.19699999999999998 0.33399999999999996 0.451 
524 533 0.13699999999999998 0.295 0.419 
524 551 0.138 0.20600000000000002 0.28800000000000003 
532 551 0.165 0.21100000000000002 0.268 
534 551 0.184 0.23199999999999998 0.29600000000000004 
552 560 0.03 0.114 0.258 
552 570 0.013000000000000001 0.05 0.13 
571 583 0.016 0.022000000000000002 0.059000000000000004 
571 584 0.022000000000000002 0.025 0.051 
584 598 0.038 0.121 0.233 
584 601 0.031 0.094 0.174 
602 613 0.04 0.086 0.20600000000000002 
636 649 0.037000000000000005 0.109 0.16899999999999998 
653 666 0.011000000000000001 0.016 0.02 
667 687 0.109 0.23 0.344 
691 697 0.315 0.326 0.342 
698 708 0.01 0.031 0.054000000000000006 
698 709 0.006999999999999999 0.019 0.031 
713 734 0.45299999999999996 0.53 0.598 
720 734 0.494 0.547 0.551 
735 744 0.154 0.431 0.703 
745 764 0.043 0.052000000000000005 0.08 
746 764 0.033 0.039 0.065 
746 766 0.062 0.079 0.102 
751 766 0.075 0.098 0.126 
766 780 0.182 0.267 0.34 
767 781 0.182 0.267 0.34 
769 781 0.171 0.253 0.32299999999999995 
782 789 0.23 0.38299999999999995 0.55 
793 798 0.374 0.516 0.6579999999999999 
794 811 0.08800000000000001 0.177 0.272 
799 811 0.092 0.192 0.27899999999999997 
799 814 0.063 0.136 0.19699999999999998 
815 821 0.01 0.011000000000000001 0.015 
817 830 0.077 0.10099999999999999 0.151 
831 839 0.02 0.051 0.131 
840 847 0.062 0.07 0.131 
847 858 0.13699999999999998 0.21100000000000002 0.287 
848 858 0.14 0.22399999999999998 0.312 
850 858 0.158 0.19399999999999998 0.266 
850 859 0.15 0.18600000000000003 0.29100000000000004 
873 893 0.11699999999999999 0.244 0.27899999999999997 
880 893 0.154 0.316 0.358 
897 908 0.011000000000000001 0.009000000000000001 0.009000000000000001 
922 929 0.027000000000000003 0.036000000000000004 0.096 
923 929 0.037000000000000005 0.049 0.105 
923 934 0.019 0.033 0.079 
930 937 0.10300000000000001 0.203 0.26899999999999996 
930 960 0.127 0.188 0.252 
930 961 0.125 0.177 0.24100000000000002 
962 976 0.331 0.373 0.494 
962 980 0.163 0.19699999999999998 0.295 
985 989 0.01 0.013000000000000001 0.02 
989 997 0.071 0.16399999999999998 0.29600000000000004 
990 997 0.087 0.192 0.349 
1002 1006 0.018000000000000002 0.033 0.14 
1002 1013 0.233 0.336 0.491 
1014 1021 0.233 0.316 0.355 
1017 1021 0.111 0.244 0.306 
1022 1038 0.09300000000000001 0.153 0.225 
1029 1038 0.13 0.214 0.316 
1038 1055 0.214 0.242 0.253 
1039 1055 0.233 0.264 0.275 
1040 1055 0.26 0.28600000000000003 0.305 
1056 1068 0.527 0.563 0.565 
1058 1068 0.455 0.45799999999999996 0.46799999999999997 
1060 1068 0.5670000000000001 0.584 0.586 
