ResStr ResEnd 0.05 0.5 5.0 
114 119 0.052000000000000005 0.057 0.055999999999999994 
120 127 0.09699999999999999 0.213 0.34 
120 128 0.07 0.209 0.373 
128 138 0.196 0.298 0.408 
129 138 0.192 0.287 0.42700000000000005 
131 138 0.182 0.217 0.312 
139 144 0.042 0.042 0.036000000000000004 
139 146 0.16 0.276 0.322 
145 149 0.039 0.08 0.127 
147 152 0.048 0.049 0.12 
150 164 0.16 0.215 0.335 
153 163 0.242 0.29600000000000004 0.413 
153 164 0.179 0.231 0.345 
153 164 0.17800000000000002 0.23 0.34600000000000003 
165 192 0.248 0.324 0.402 
191 195 -0.015 0.006999999999999999 0.003 
196 224 0.159 0.225 0.23399999999999999 
223 233 0.384 0.44299999999999995 0.485 
234 241 0.7559999999999999 0.764 0.7659999999999999 
245 252 0.406 0.495 0.501 
253 259 0.061 0.122 0.16 
253 260 0.040999999999999995 0.085 0.11599999999999999 
261 275 0.138 0.14400000000000002 0.172 
262 275 0.134 0.14 0.14400000000000002 
279 287 0.163 0.207 0.28300000000000003 
280 287 0.20600000000000002 0.256 0.34299999999999997 
294 301 0.45799999999999996 0.615 0.695 
302 327 0.494 0.539 0.552 
308 327 0.5589999999999999 0.611 0.627 
328 334 0.36 0.45799999999999996 0.479 
335 342 0.02 0.052000000000000005 0.172 
343 354 0.429 0.5479999999999999 0.644 
347 355 0.25 0.35600000000000004 0.401 
355 369 0.065 0.09300000000000001 0.10099999999999999 
356 369 0.057 0.095 0.10800000000000001 
356 373 0.06 0.136 0.146 
356 390 0.073 0.17600000000000002 0.243 
370 385 0.183 0.34600000000000003 0.46 
370 389 0.10400000000000001 0.25 0.37200000000000005 
389 402 0.004 0.03 0.12 
391 402 0.013000000000000001 0.013000000000000001 0.016 
391 404 0.01 0.01 0.012 
405 429 0.053 0.057999999999999996 0.083 
408 429 0.06 0.065 0.08 
430 436 0.018000000000000002 0.031 0.09300000000000001 
430 443 0.12 0.19899999999999998 0.28800000000000003 
437 443 0.261 0.41 0.46299999999999997 
444 473 0.10400000000000001 0.209 0.36200000000000004 
444 474 0.10099999999999999 0.19899999999999998 0.345 
444 475 0.07200000000000001 0.17600000000000002 0.32 
456 473 0.151 0.239 0.424 
456 474 0.151 0.226 0.402 
483 491 0.278 0.32799999999999996 0.461 
492 506 0.516 0.586 0.595 
507 522 0.493 0.49200000000000005 0.48700000000000004 
507 531 0.369 0.451 0.451 
508 522 0.519 0.522 0.516 
523 533 0.196 0.32899999999999996 0.441 
523 533 0.19899999999999998 0.33299999999999996 0.44 
524 533 0.141 0.298 0.409 
524 551 0.081 0.17600000000000002 0.282 
532 551 0.09300000000000001 0.17 0.254 
534 551 0.102 0.193 0.29 
552 560 0.032 0.124 0.256 
552 570 0.013999999999999999 0.053 0.13 
571 583 0.018000000000000002 0.028999999999999998 0.085 
571 584 0.025 0.027999999999999997 0.067 
584 598 0.049 0.131 0.24100000000000002 
584 601 0.035 0.095 0.175 
602 613 0.032 0.07200000000000001 0.168 
636 649 0.043 0.085 0.127 
653 666 0.012 0.012 0.018000000000000002 
667 687 0.092 0.233 0.33799999999999997 
691 697 0.253 0.32299999999999995 0.331 
698 708 0.011000000000000001 0.032 0.057 
698 709 0.006 0.017 0.031 
713 734 0.42100000000000004 0.512 0.5539999999999999 
720 734 0.461 0.524 0.524 
735 744 0.10300000000000001 0.332 0.662 
745 764 0.013999999999999999 0.021 0.045 
746 764 0.02 0.019 0.047 
746 766 0.057 0.071 0.094 
751 766 0.07400000000000001 0.092 0.115 
766 780 0.179 0.253 0.33299999999999996 
767 781 0.179 0.253 0.33299999999999996 
769 781 0.165 0.23399999999999999 0.307 
782 789 0.23199999999999998 0.37 0.54 
793 798 0.406 0.5329999999999999 0.664 
794 811 0.092 0.171 0.27899999999999997 
799 811 0.092 0.163 0.258 
799 814 0.057999999999999996 0.113 0.187 
815 821 0.016 0.013999999999999999 0.016 
817 830 0.083 0.099 0.152 
831 839 0.02 0.051 0.126 
840 847 0.055 0.076 0.129 
847 858 0.146 0.201 0.272 
848 858 0.138 0.209 0.29 
850 858 0.16 0.18600000000000003 0.254 
850 859 0.151 0.18 0.271 
873 893 0.12 0.24100000000000002 0.271 
880 893 0.17 0.314 0.35100000000000003 
897 908 0.009000000000000001 0.011000000000000001 0.011000000000000001 
922 929 0.033 0.035 0.09 
923 929 0.048 0.057 0.10800000000000001 
923 934 0.03 0.043 0.06 
930 937 0.044000000000000004 0.142 0.243 
930 960 0.094 0.141 0.22399999999999998 
930 961 0.094 0.129 0.212 
962 976 0.32899999999999996 0.366 0.489 
962 980 0.16699999999999998 0.20199999999999999 0.305 
985 989 0.013000000000000001 0.013000000000000001 0.015 
989 997 0.078 0.156 0.308 
990 997 0.094 0.175 0.348 
1002 1006 0.011000000000000001 0.02 0.094 
1002 1013 0.21100000000000002 0.26899999999999996 0.386 
1014 1021 0.21600000000000003 0.3 0.31 
1017 1021 0.11199999999999999 0.23 0.26 
1022 1038 0.09300000000000001 0.15 0.21600000000000003 
1029 1038 0.124 0.215 0.33799999999999997 
1038 1055 0.204 0.23199999999999998 0.254 
1039 1055 0.223 0.256 0.278 
1040 1055 0.255 0.28800000000000003 0.301 
1056 1068 0.518 0.56 0.5670000000000001 
1058 1068 0.461 0.466 0.465 
1060 1068 0.564 0.5820000000000001 0.5920000000000001 
