 Res1   Res2  0.05 0.5 5.0
   114    119  0.06722  0.23639  0.41011 
   120    127  0.32588  0.37772  0.62501 
   120    128  0.28791  0.38971  0.67828 
   128    138  0.29634  0.63607  0.79029 
   129    138  0.31579  0.61799  0.76408 
   131    138  0.33976  0.51199  0.68544 
   139    144  0.00725  0.06684  0.36589 
   139    146  0.00836  0.07725  0.41944 
   145    149  0.00295  0.02903  0.25201 
   147    152  0.00216  0.02125  0.18221 
   150    164  0.06863  0.21234  0.45137 
   153    163  0.09802  0.29581  0.55801 
   153    164  0.08847  0.26869  0.52421 
   153    164  0.08847  0.26869  0.52421 
   165    192  0.27043  0.51542  0.71531 
   191    195  0.00003  0.00031  0.00307 
   196    224  0.23872  0.49854  0.67786 
   223    233  0.34022  0.43756  0.63662 
   234    241  0.46165  0.60475  0.81783 
   245    252  0.02885  0.18857  0.33349 
   253    259  0.00419  0.04064  0.31012 
   253    260  0.00433  0.04205  0.32355 
   261    275  0.12952  0.35917  0.61572 
   262    275  0.13848  0.37242  0.59264 
   279    287  0.16119  0.28819  0.45326 
   280    287  0.17708  0.25388  0.36232 
   294    301  0.71668  0.99839  1.00000 
   302    327  0.84155  0.92332  0.96734 
   308    327  0.79888  0.90203  0.95827 
   328    334  0.37093  0.66009  0.82535 
   335    342  0.00015  0.00149  0.01466 
   343    354  0.50063  0.63886  0.82156 
   347    355  0.33242  0.42148  0.62979 
   355    369  0.16156  0.36867  0.47803 
   356    369  0.17503  0.39938  0.51774 
   356    373  0.15928  0.38691  0.58700 
   356    390  0.25173  0.49559  0.72877 
   370    385  0.29773  0.57218  0.91067 
   370    389  0.27760  0.55865  0.87319 
   389    402  0.09761  0.16281  0.36568 
   391    402  0.00339  0.03249  0.22483 
   391    404  0.00281  0.02697  0.18779 
   405    429  0.16702  0.34166  0.49549 
   408    429  0.19207  0.39287  0.56943 
   430    436  0.13812  0.34483  0.47840 
   430    443  0.12786  0.39772  0.56703 
   437    443  0.13881  0.51602  0.74147 
   444    473  0.27874  0.46279  0.68085 
   444    474  0.26760  0.44439  0.65471 
   444    475  0.25731  0.42730  0.62958 
   456    473  0.20942  0.35168  0.61637 
   456    474  0.19548  0.32842  0.57710 
   483    491  0.34051  0.48088  0.59687 
   492    506  0.04116  0.21649  0.55481 
   507    522  0.58796  0.80278  0.92972 
   507    531  0.62926  0.85315  0.95595 
   508    522  0.58009  0.78869  0.92469 
   523    533  0.56604  0.81399  0.99601 
   523    533  0.56604  0.81399  0.99601 
   524    533  0.51807  0.79333  0.99557 
   524    551  0.20680  0.43570  0.70315 
   532    551  0.04155  0.24883  0.57165 
   534    551  0.04458  0.26130  0.57811 
   552    560  0.23710  0.57328  0.79068 
   552    570  0.14871  0.39652  0.63965 
   571    583  0.09484  0.34436  0.56148 
   571    584  0.08789  0.32122  0.54598 
   584    598  0.11978  0.33137  0.68047 
   584    601  0.09613  0.27874  0.62475 
   602    613  0.20588  0.38919  0.66236 
   636    649  0.15036  0.52306  0.76381 
   653    666  0.00297  0.02707  0.14544 
   667    687  0.13965  0.28573  0.42479 
   691    697  0.01582  0.12968  0.51094 
   698    708  0.04275  0.22169  0.48563 
   698    709  0.03895  0.20239  0.44967 
   713    734  0.37523  0.48976  0.67466 
   720    734  0.56206  0.72685  0.94449 
   735    744  0.00625  0.05813  0.35148 
   745    764  0.02376  0.12706  0.41542 
   746    764  0.02459  0.12881  0.40089 
   746    766  0.07063  0.17061  0.41725 
   751    766  0.09597  0.21849  0.44365 
   766    780  0.37305  0.49278  0.67388 
   767    781  0.29613  0.41589  0.59722 
   769    781  0.31820  0.39092  0.54849 
   782    789  0.24542  0.49795  0.53040 
   793    798  0.21172  0.54988  0.68489 
   794    811  0.10993  0.32742  0.54510 
   799    811  0.07920  0.29965  0.57015 
   799    814  0.06356  0.24167  0.47468 
   815    821  0.00068  0.00677  0.06451 
   817    830  0.03049  0.19906  0.40603 
   831    839  0.03086  0.25035  0.76468 
   840    847  0.04130  0.22084  0.30117 
   847    858  0.14238  0.31041  0.53229 
   848    858  0.15661  0.34145  0.58548 
   850    858  0.19573  0.42647  0.72850 
   850    859  0.19184  0.47092  0.75867 
   873    893  0.17858  0.36147  0.71430 
   880    893  0.18500  0.37947  0.70022 
   897    908  0.00074  0.00737  0.06962 
   922    929  0.06529  0.18043  0.30805 
   923    929  0.07617  0.21050  0.35935 
   923    934  0.05348  0.19182  0.37525 
   930    937  0.03950  0.27998  0.68934 
   930    960  0.36939  0.62617  0.85100 
   930    961  0.35709  0.60538  0.82346 
   962    976  0.44187  0.60103  0.68337 
   962    980  0.34481  0.47848  0.61412 
   985    989  0.00073  0.00723  0.06873 
   989    997  0.07780  0.40741  0.60830 
   990    997  0.08882  0.46470  0.68630 
  1002   1006  0.00435  0.04209  0.31243 
  1002   1013  0.08092  0.25758  0.64127 
  1014   1021  0.31597  0.48439  0.65564 
  1017   1021  0.01603  0.12817  0.39737 
  1022   1038  0.10854  0.29261  0.49670 
  1029   1038  0.15513  0.38842  0.60384 
  1038   1055  0.22227  0.37646  0.64999 
  1039   1055  0.23614  0.39972  0.68798 
  1040   1055  0.25180  0.42564  0.72693 
  1056   1068  0.90397  1.00000  1.00000 
  1058   1068  0.92948  1.00000  1.00000 
  1060   1068  0.94326  1.00000  1.00000 
